32986 1
10067 1
46450 1
55527 1
51318 1
26123 1
1107 1
26113 1
67926 1
26122 1
26157 1
2283 1
79716 1
31783 1
2224 1
2279 1
59180 1
75200 1
34657 1
34656 1
46457 1
42066 1
34658 1
14600 1
32273 1
73384 1
44722 1
31562 1
3220 1
66770 1
81737 1
68136 1
41363 1
1657 1
68269 1
69650 1
41323 1
68964 1
31587 1
69314 1
32307 1
716 1
46361 1
48735 1
31026 1
13893 1
66390 1
79707 1
25856 1
45159 1
46679 1
78025 1
25937 1
68376 1
70519 1
73303 1
67974 1
44499 1
69307 1
31563 1
31615 1
40889 1
9758 1
48917 1
3908 1
22472 1
36206 1
79225 1
9790 1
22562 1
1558 1
45299 1
34661 1
3815 1
10363 1
53976 1
31485 1
31585 1
44123 1
75145 1
36700 1
32906 1
35135 1
36525 1
44346 1
3309 1
51251 1
3812 1
69611 1
16159 1
49011 1
29309 1
26348 1
31631 1
26159 1
59178 1
35176 1
48056 1
42335 1
46468 1
2333 1
31350 1
25182 1
10445 1
31040 1
48066 1
45974 1
23960 1
51420 1
3308 1
73206 1
69366 1
26270 1
25715 1
23932 1
31720 1
64832 1
2278 1
25826 1
31041 1
53952 1
21273 1
46798 1
9849 1
42326 1
68250 1
40927 1
1693 1
85276 1
40537 1
32899 1
32555 1
3459 1
68886 1
31574 1
85836 1
25249 1
31948 1
46421 1
30246 1
71955 1
42539 1
34664 1
42847 1
34665 1
68080 1
26429 1
86109 1
21689 1
36880 1
31737 1
36758 1
20130 1
3121 1
31064 1
46286 1
3350 1
3378 1
54979 1
59288 1
55476 1
54980 1
3100 1
48032 1
54497 1
26668 1
34584 1
31367 1
44274 1
79214 1
78939 1
21335 1
78323 1
78750 1
73 1
80263 1
48779 1
34669 1
44407 1
4028 1
19749 1
17663 1
47331 1
79186 1
44901 1
14179 1
6507 1
64458 1
53927 1
53917 1
1151 1
34518 1
64154 1
48040 1
85351 1
14520 1
40579 1
79753 1
45331 1
46294 1
42037 1
35799 1
36246 1
55610 1
53723 1
26043 1
36268 1
44365 1
53816 1
45432 1
78916 1
54373 1
48644 1
54358 1
75636 1
6550 1
2945 1
53765 1
3123 1
3131 1
55570 1
68065 1
19830 1
3122 1
85571 1
3080 1
48505 1
25675 1
9774 1
70556 1
68922 1
2815 1
85759 1
78526 1
47589 1
66814 1
85292 1
1138 1
1155 1
19811 1
1157 1
40668 1
9544 1
72073 1
26387 1
47512 1
14665 1
44608 1
49042 1
85658 1
26616 1
44195 1
2865 1
26281 1
78297 1
70391 1
3725 1
1490 1
79637 1
86041 1
55298 1
4049 1
2293 1
2984 1
31428 1
44551 1
25882 1
68646 1
22170 1
74700 1
3700 1
32962 1
79652 1
36491 1
53861 1
73490 1
44048 1
73323 1
75598 1
79820 1
1492 1
66146 1
36509 1
35187 1
86217 1
41710 1
165 1
44070 1
1491 1
45645 1
3760 1
79864 1
14982 1
44583 1
26305 1
10179 1
32315 1
77832 1
19358 1
2329 1
75135 1
3806 1
65504 1
21323 1
43741 1
1927 1
59135 1
67628 1
14425 1
66452 1
75210 1
69038 1
10207 1
44040 1
19553 1
81672 1
25964 1
23920 1
47525 1
4112 1
80201 1
35943 1
19743 1
14687 1
1495 1
42469 1
46779 1
67962 1
2330 1
35255 1
65659 1
85789 1
44900 1
44249 1
34679 1
79105 1
65405 1
48932 1
44886 1
85320 1
46661 1
43059 1
35823 1
75464 1
46273 1
20920 1
41663 1
4165 1
68874 1
48277 1
66758 1
35482 1
74629 1
32910 1
46698 1
29413 1
9593 1
42020 1
29111 1
79207 1
79850 1
19232 1
85387 1
48051 1
3072 1
1854 1
9750 1
78280 1
49032 1
36464 1
85717 1
4126 1
25208 1
2933 1
46176 1
70547 1
68692 1
19724 1
32868 1
53679 1
22424 1
68944 1
85219 1
81685 1
29415 1
34682 1
55345 1
75493 1
80743 1
9867 1
81537 1
41204 1
3334 1
44303 1
19367 1
68260 1
66012 1
21664 1
69076 1
72065 1
42899 1
54994 1
42472 1
68879 1
29405 1
1935 1
35239 1
47214 1
1088 1
10044 1
10298 1
19269 1
3923 1
21652 1
268 1
32976 1
34655 1
36815 1
41146 1
26273 1
44682 1
46385 1
47291 1
48288 1
48991 1
49024 1
55283 1
55321 1
68286 1
69325 1
70528 1
70706 1
70749 1
71069 1
26269 1
78534 1
31071 1
68175 1
79812 1
33009 1
68594 1
81530 1
81774 1
85745 1
85828 1
44001 0
1430 0
75345 0
3312 0
67637 0
42802 0
59036 0
80246 0
48858 0
53833 0
27285 0
3133 0
29323 0
27318 0
85441 0
78912 0
47996 0
9452 0
69561 0
35233 0
9809 0
10354 0
79123 0
22455 0
77716 0
42363 0
75597 0
46639 0
26319 0
47992 0
73413 0
54977 0
25157 0
4277 0
81502 0
80761 0
48382 0
26593 0
22458 0
64295 0
79835 0
67995 0
69035 0
55665 0
64474 0
46351 0
5182 0
73437 0
73521 0
86091 0
47571 0
4045 0
66035 0
55662 0
79828 0
32884 0
3410 0
48732 0
69002 0
68373 0
40113 0
54999 0
79243 0
68663 0
69055 0
26040 0
42485 0
1504 0
65668 0
43802 0
33147 0
73035 0
66008 0
2475 0
25852 0
33950 0
69361 0
48709 0
36067 0
69021 0
1427 0
78272 0
48746 0
70613 0
77744 0
4121 0
79832 0
25196 0
26277 0
69086 0
69549 0
79935 0
69275 0
45717 0
43950 0
26014 0
73642 0
3341 0
34863 0
85595 0
55669 0
73065 0
79751 0
69231 0
3183 0
46713 0
70946 0
35955 0
9468 0
66040 0
3136 0
19545 0
43837 0
42750 0
26171 0
1413 0
78451 0
78291 0
78831 0
35790 0
48373 0
36213 0
55558 0
75616 0
14478 0
10437 0
73339 0
2058 0
63 0
26109 0
78468 0
79674 0
43746 0
25335 0
85318 0
35821 0
21703 0
79889 0
2861 0
86090 0
14593 0
64836 0
69565 0
44022 0
44230 0
68670 0
42017 0
34640 0
41546 0
69656 0
737 0
29104 0
46223 0
46908 0
42489 0
53656 0
35735 0
64185 0
9667 0
22264 0
1084 0
26577 0
59276 0
65512 0
3310 0
6581 0
19747 0
85625 0
66534 0
26661 0
3484 0
44546 0
51288 0
35848 0
71979 0
48776 0
73291 0
14662 0
75239 0
47540 0
1408 0
85408 0
42105 0
4314 0
46405 0
86073 0
6918 0
70948 0
68337 0
26023 0
81359 0
4036 0
45141 0
73724 0
48888 0
85850 0
79331 0
4312 0
4348 0
41182 0
4349 0
48557 0
1425 0
31743 0
80292 0
2170 0
25164 0
47999 0
53924 0
85568 0
53999 0
19356 0
79552 0
54693 0
46318 0
35973 0
68371 0
25326 0
34911 0
77932 0
74810 0
73647 0
79349 0
55654 0
85410 0
79664 0
4227 0
19785 0
85639 0
59176 0
6596 0
1841 0
2 0
25173 0
22272 0
6781 0
85634 0
1723 0
47288 0
70416 0
42361 0
69517 0
25871 0
82047 0
86160 0
19741 0
31741 0
79536 0
72013 0
55673 0
1266 0
53697 0
75555 0
80123 0
42353 0
47977 0
68666 0
81506 0
59066 0
75524 0
79922 0
48377 0
70700 0
70693 0
68983 0
40563 0
20367 0
66030 0
71026 0
68365 0
65665 0
67896 0
68639 0
65485 0
43804 0
86036 0
85438 0
54188 0
78051 0
25244 0
74756 0
44512 0
79769 0
81758 0
55301 0
68958 0
78287 0
48771 0
73340 0
3375 0
75197 0
74689 0
21657 0
85854 0
30228 0
19629 0
40593 0
23918 0
69240 0
14492 0
68979 0
47615 0
48020 0
78832 0
81696 0
1950 0
73178 0
44245 0
51462 0
36830 0
26324 0
44735 0
68645 0
1746 0
21650 0
4043 0
46714 0
75232 0
70544 0
78466 0
75643 0
44315 0
4222 0
4186 0
9841 0
25934 0
78723 0
73204 0
34605 0
75173 0
78789 0
66525 0
9320 0
44821 0
1470 0
749 0
55355 0
59073 0
75158 0
19346 0
81486 0
48769 0
35179 0
21068 0
34861 0
3214 0
45681 0
6484 0
22232 0
85332 0
85823 0
20127 0
66450 0
75222 0
68643 0
42468 0
79518 0
1540 0
41186 0
55536 0
31414 0
42483 0
75462 0
55567 0
35756 0
65465 0
81771 0
64175 0
75343 0
64471 0
65654 0
48599 0
1270 0
19348 0
30241 0
55339 0
79746 0
48268 0
5963 0
75174 0
73043 0
46621 0
36827 0
9625 0
64067 0
19260 0
36507 0
68960 0
40863 0
75204 0
10165 0
42063 0
81528 0
3757 0
3331 0
1164 0
1695 0
1123 0
33151 0
1882 0
79535 0
44235 0
22216 0
20114 0
67907 0
54139 0
75302 0
64475 0
35854 0
26631 0
4219 0
44884 0
80756 0
45041 0
79920 0
2028 0
48854 0
30243 0
85943 0
34876 0
2477 0
9448 0
48705 0
48747 0
68189 0
19867 0
64065 0
79849 0
69572 0
25167 0
85735 0
2284 0
75591 0
78277 0
1730 0
81360 0
59069 0
65499 0
70606 0
40911 0
43996 0
41189 0
41583 0
2909 0
46900 0
